2 0.479695 0.222526 0.059077 0.163976
1 0.855732 0.498819 0.039957 0.063958
0 0.824176 0.608420 0.045398 0.084896
1 0.585170 0.489991 0.043580 0.090399
1 0.467940 0.184115 0.034574 0.091493
2 0.864425 0.574045 0.065469 0.234896
2 0.518395 0.405469 0.138210 0.259201
1 0.719574 0.661398 0.047216 0.098142
2 0.178260 0.880460 0.096889 0.239080
2 0.829403 0.647917 0.088068 0.174653
1 0.809702 0.785078 0.049915 0.091684
1 0.692798 0.962865 0.052472 0.072604
1 0.166818 0.836684 0.070625 0.148854
2 0.730114 0.802083 0.096591 0.385417
2 0.799006 0.868056 0.132102 0.260417
2 0.498580 0.474826 0.099432 0.453125
2 0.561790 0.638021 0.092330 0.387153
