2 0.401641 0.406901 0.033082 0.126823
2 0.529695 0.272830 0.012315 0.070938
1 0.315838 0.499392 0.013494 0.026563
1 0.326811 0.643403 0.020810 0.035417
2 0.740767 0.272569 0.041193 0.159722
2 0.539062 0.438368 0.018466 0.085069
2 0.367188 0.529514 0.029830 0.121528
2 0.308885 0.393012 0.013480 0.040538
2 0.295760 0.418273 0.017940 0.063420
2 0.310810 0.448915 0.022983 0.067969
1 0.364723 0.481580 0.014588 0.025312
1 0.401136 0.358481 0.015625 0.024358
1 0.308345 0.384618 0.012003 0.021667
1 0.296058 0.399470 0.014986 0.025712
1 0.747131 0.206389 0.015966 0.026111
1 0.530909 0.244158 0.008068 0.012622
2 0.317756 0.543837 0.029830 0.133507
2 0.325881 0.680043 0.030909 0.114913
