2 0.317778 0.415000 0.066667 0.290000
2 0.222222 0.590000 0.204444 0.800000
2 0.801111 0.538333 0.233333 0.883333
2 0.106667 0.491667 0.213333 0.983333
2 0.622222 0.531667 0.200000 0.823333
1 0.881911 0.230250 0.093956 0.188167
1 0.328033 0.300017 0.031489 0.056033
1 0.781900 0.226000 0.132644 0.258667
1 0.600033 0.227167 0.103044 0.219000
1 0.459267 0.252417 0.149911 0.233833
1 0.103778 0.214333 0.207556 0.428667
0 0.208667 0.298667 0.089778 0.190667
2 0.916667 0.565000 0.166667 0.856667
2 0.463333 0.562533 0.273333 0.850000
