2 0.484896 0.623148 0.176042 0.753704
2 0.691146 0.592593 0.134375 0.770370
1 0.443615 0.236120 0.060000 0.118093
0 0.082031 0.562713 0.144687 0.287537
1 0.342906 0.297037 0.060000 0.118111
2 0.427083 0.577778 0.100000 0.807407
2 0.335417 0.618519 0.156250 0.762963
0 0.977599 0.356444 0.044802 0.121778
1 0.872188 0.297065 0.060000 0.118093
2 0.964599 0.606315 0.070802 0.627778
1 0.599516 0.305676 0.071802 0.135315
1 0.499333 0.304694 0.060000 0.118093
1 0.676115 0.262787 0.060000 0.118093
2 0.869271 0.610185 0.153125 0.764815
2 0.105729 0.704630 0.211458 0.572222
2 0.621875 0.613889 0.147917 0.757407
