1 0.839925 0.471380 0.057111 0.126423
2 0.807692 0.647887 0.155722 0.681690
2 0.600375 0.608451 0.424015 0.760563
2 0.438086 0.639437 0.253283 0.704225
2 0.938086 0.643662 0.123827 0.690141
2 0.187617 0.563380 0.352720 0.850704
2 0.293621 0.619718 0.144465 0.473239
1 0.030863 0.413296 0.061726 0.231437
1 0.171398 0.313197 0.163771 0.339803
1 0.269053 0.465662 0.092664 0.164563
1 0.430178 0.425620 0.123133 0.278901
1 0.781585 0.388408 0.090113 0.181887
1 0.961257 0.398972 0.077486 0.210338
0 0.661051 0.372324 0.146942 0.282676
2 0.032458 0.483718 0.064916 0.372282
2 0.850844 0.682113 0.091932 0.551268
