2 0.514000 0.533333 0.088000 0.218667
0 0.538620 0.451227 0.044600 0.053173
2 0.642800 0.828667 0.100400 0.342667
0 0.505280 0.657573 0.044600 0.053173
0 0.508290 0.163907 0.050620 0.068987
2 0.491000 0.753333 0.082000 0.440000
2 0.343000 0.093333 0.058000 0.186667
2 0.388000 0.646667 0.164000 0.381333
2 0.739000 0.157333 0.106000 0.314667
2 0.385400 0.260133 0.158800 0.204533
2 0.457020 0.222347 0.148760 0.186773
2 0.592000 0.529093 0.092000 0.346667
1 0.610080 0.384613 0.044600 0.053173
1 0.388660 0.491667 0.044680 0.070533
1 0.414160 0.198040 0.048080 0.073787
