0 0.343225 0.400033 0.059550 0.102067
0 0.281262 0.459567 0.074475 0.113800
0 0.476213 0.422600 0.065575 0.101867
2 0.826250 0.640000 0.257500 0.700000
2 0.561250 0.626667 0.157500 0.733333
2 0.286250 0.698333 0.167500 0.590000
2 0.682500 0.681667 0.120000 0.630000
2 0.367500 0.670000 0.110000 0.646667
2 0.117500 0.641667 0.235000 0.696667
0 0.664188 0.425900 0.074475 0.113800
0 0.072413 0.245917 0.109175 0.134833
1 0.128013 0.433167 0.208475 0.288333
1 0.538175 0.347267 0.108150 0.161200
1 0.976675 0.421333 0.046650 0.140000
1 0.794175 0.369683 0.118150 0.153367
2 0.961250 0.675000 0.077500 0.643333
2 0.065000 0.336667 0.130000 0.320000
2 0.467500 0.681667 0.130000 0.623333
