1 0.972417 0.450620 0.015471 0.021104
2 0.558524 0.670628 0.160305 0.645161
2 0.865140 0.484720 0.040712 0.110357
2 0.930025 0.493209 0.040712 0.164686
1 0.718658 0.427716 0.076170 0.119270
1 0.867964 0.441239 0.018015 0.020000
1 0.809758 0.454983 0.018906 0.027793
1 0.934020 0.427453 0.021272 0.032156
1 0.296883 0.391537 0.083333 0.119236
1 0.436081 0.419185 0.073384 0.121222
1 0.555941 0.410569 0.076158 0.119270
2 0.283715 0.662988 0.155216 0.663837
2 0.420483 0.675722 0.138677 0.638370
2 0.808524 0.488964 0.026718 0.095076
2 0.729008 0.679966 0.193384 0.626486
2 0.972646 0.486418 0.026718 0.089983
