2 0.306510 0.579518 0.142857 0.546988
2 0.151899 0.612048 0.209765 0.771084
2 0.521700 0.607229 0.153707 0.631325
2 0.587703 0.386747 0.039783 0.171084
1 0.148906 0.301145 0.095678 0.151928
1 0.023327 0.326590 0.046655 0.104410
0 0.513996 0.340843 0.063508 0.104337
0 0.730805 0.364699 0.058752 0.101253
0 0.303146 0.349639 0.051573 0.083855
0 0.590633 0.314988 0.019096 0.031422
0 0.622269 0.329928 0.018029 0.027566
2 0.617541 0.400000 0.041591 0.163855
2 0.050633 0.577108 0.101266 0.595181
2 0.739602 0.622892 0.133816 0.614458
