1 0.854411 0.288345 0.142635 0.233858
1 0.695932 0.343740 0.043344 0.084664
1 0.355174 0.306455 0.080276 0.156103
1 0.255883 0.381847 0.141557 0.227543
1 0.507341 0.346146 0.021151 0.048161
2 0.592448 0.624413 0.182812 0.738654
2 0.689323 0.544601 0.097396 0.496088
2 0.422135 0.430360 0.044271 0.251956
2 0.499479 0.422535 0.052083 0.205008
2 0.230990 0.629890 0.233854 0.721440
2 0.365625 0.612285 0.171875 0.764476
2 0.846615 0.584898 0.166146 0.817684
1 0.570729 0.323912 0.065521 0.133897
1 0.423326 0.329484 0.024286 0.049734
